홍열님			디올옴므퍼퓸, 고스트인더쉘

19,1,2,6,1,3번 6번 10번 12번 20번



한림님			집시워터,사파나드

2,3,3,4,3,1번 3번 7번 20번 21번



도형님			로즈토네르,히비스커스마하자드

4,1,2,7,1,8번, 15번, 16번, 21번, 26번



수진님			베스페로,젠틀플루이디티

17,3,3,2,2,3번 8번 9번 15번 4번



마가님			로즈살티폴리아,로디베

42,1,1,2,1,1번,5번,6번,15번,21번



아름님			오로즈,자스민
4,2,3,1,1,1번,2번,6번,7번,12번



꼼떼 떼레브레 무슈님			베티버 팜플무스, 플레르드뽀
24,3,1,1,3,6번,15번,8번,9번,22번



장국님			필로시코스, 알뤼르옴므EDP
1,1,1,2,1, 11번,3번,6번,17번,21번


광원님			그레이 베티버, 덩떼브하
2,1,1,1,3, 1번 , 5번 , 8번, 15번, 22번


호림님			마라케시, 셀리어
5,1,1,6,3,4번,10번,16번,19번,20번


준수님			플레르드뽀, 롬브로단로
1,3,2,7,3,3번, 5번 , 6번, 13번, 21번


지은센세		우드세이지앤씨쏠트
2,3,3,1,1,1번, 2번, 6번, 7번, 12번


지현님			플래르드뽀
1,3,1,7,3,3번, 6번, 8번, 12번, 19번


주리님			베티버 팜플무스, 어나더
45,3,1,1,3, 1번, 3번, 7번, 8번, 15번


소정님			버진아일랜드워터 카사블랑카 릴리
4,2,3,7,1,13. 21. 3.4. 7
4,2,3,7,1,0,0,1,1,0,0,1,0,0,0,0,0,1,0,0,0,0,0,0,0,1,0,0,0,0,0


수아님			선데이 코롱, 일하도멜
3,2,1,1,1,1,2,5,6,9
3,2,1,1,1,1,1,0,0,1,1,0,0,1,0,0,0,0,0,0,0,0,0,0,0,0,0,0,0,0,0



교직원 이현경님			화이트스웨이드, 코코마드모아젤로프리베EDP
1,3,3,7,3,  7, 8, 18, 19, 20
1,3,3,7,3,0,0,0,0,0,0,1,1,0,0,0,0,0,0,0,0,0,1,1,1,0,0,0,0,0,0


교직원 최송화님			미라세티EDP,마라케시
4,3,1,7,3,  2번,4번,14번,17번,20번
4,3,1,7,3,0,1,0,1,0,0,0,0,0,0,0,0,0,1,0,0,1,0,0,1,0,0,0,0,0,0


교직원 노혜미님			미르토,네롤리 아 라 카다멈 드 과테말라
45,3,3,2,1, 1번, 2번, 6번, 7번, 22번
45,3,3,2,1,1,1,0,0,0,1,1,0,0,0,0,0,0,0,0,0,0,0,0,0,0,1,0,0,0,0


교직원 김문환님			롬브로단로, 동일
1,3,3,7,1,  3,6,20,1,2
1,3,3,7,1,1,1,1,0,0,1,0,0,0,0,0,0,0,0,0,0,0,0,0,1,0,0,0,0,0,0


교직원 박수빈님			도손,
2,3,3,4,1  2번, 3번, 4번, 5번, 6번
2,3,3,4,1,0,1,1,1,1,1,0,0,0,0,0,0,0,0,0,0,0,0,0,0,0,0,0,0,0,0



의원님			오픈스카이,
2,2,2,1,3  16,19
2,2,2,1,3,0,0,0,0,0,0,0,0,0,0,0,0,0,0,0,1,0,0,1,0,0,0,0,0,0,0



현아님			화이트스웨이드,카사블랑카릴리
1,3,3,7,3  특성 3, 특성 8, 특성 4, 15, 17
1,3,3,7,3,0,0,1,1,0,0,0,1,0,0,0,0,0,0,1,0,1,0,0,0,0,0,0,0,0,0



은수님
18,2,1,1,3, 21
18,2,1,1,3,0,0,0,0,0,0,0,0,0,0,0,0,0,0,0,0,0,0,0,0,1,0,0,0,0,0


김소현 강사님
1,2,3,7,1  ,2, 18, 23, 4,12
1,2,3,7,1,0,1,0,1,0,0,0,0,0,0,0,1,0,0,0,0,0,1,0,0,0,0,1,0,0,0


성훈님			
4,3,1,2,1  ,1, 5, 6, 8, 15
4,3,1,2,1,1,0,0,0,1,1,0,1,0,0,0,0,0,0,1,0,0,0,0,0,0,0,0,0,0,0


상민님			필로시코스, 동일
1,1,1,5,1 ,20번,24번,19번,4번,3번
1,1,1,5,1, 0,0,1,1,0,0,0,0,0,0,0,0,0,0,0,0,0,0,1,1,0,0,0,1,0,0


